{
  "advancedEditorSelectedIdentifier" : "ProjectBrowser",
  "openSceneRelativePaths" : [
    "Immersive.usda",
    "Scene.usda"
  ],
  "recentIdentifiers" : {
    "AF09ED6F-1707-48FD-8720-65B998362C09" : [

    ],
    "D66134B1-3681-4A8E-AFE5-29F257229F3B" : [

    ]
  },
  "sceneCameraHistory" : {
    "AF09ED6F-1707-48FD-8720-65B998362C09" : [
      {
        "date" : 730494625.590468,
        "title" : "Untitled",
        "transform" : [
          1,
          0,
          0,
          0,
          0,
          0.8660258,
          -0.4999994,
          0,
          0,
          0.4999994,
          0.8660258,
          0,
          -0.038369536,
          1.8703492,
          1.4802144,
          1
        ]
      },
      {
        "date" : 730494516.463728,
        "title" : "Untitled",
        "transform" : [
          1,
          0,
          0,
          0,
          0,
          0.8660258,
          -0.4999994,
          0,
          0,
          0.4999994,
          0.8660258,
          0,
          -0.038369536,
          2.4606135,
          2.502586,
          1
        ]
      },
      {
        "date" : 730494514.315336,
        "title" : "Untitled",
        "transform" : [
          1,
          0,
          0,
          0,
          0,
          0.8660258,
          -0.4999994,
          0,
          0,
          0.4999994,
          0.8660258,
          0,
          -0.17339224,
          3.1048696,
          3.731002,
          1
        ]
      },
      {
        "date" : 730494509.430044,
        "title" : "Untitled",
        "transform" : [
          1,
          0,
          0,
          0,
          0,
          0.8660258,
          -0.4999994,
          0,
          0,
          0.4999994,
          0.8660258,
          0,
          0,
          2.2865632,
          1.8430958,
          1
        ]
      },
      {
        "date" : 730494121.4285,
        "title" : "Untitled",
        "transform" : [
          1,
          0,
          -0,
          0,
          -0,
          0.8660258,
          -0.4999994,
          0,
          0,
          0.4999994,
          0.8660258,
          0,
          0,
          3.5948596,
          4.10914,
          1
        ]
      }
    ],
    "D66134B1-3681-4A8E-AFE5-29F257229F3B" : [
      {
        "date" : 730494339.483013,
        "title" : "Untitled",
        "transform" : [
          0.9999481,
          9.352319e-10,
          0.010186195,
          0,
          0.0038268277,
          0.9267463,
          -0.37566823,
          0,
          -0.00944002,
          0.37568772,
          0.92669827,
          0,
          -0.019925028,
          1.7113552,
          1.7296792,
          1
        ]
      },
      {
        "date" : 730494335.516737,
        "title" : "Untitled",
        "transform" : [
          0.9999481,
          8.1881657e-10,
          0.010186195,
          0,
          0.003826828,
          0.9267463,
          -0.37566823,
          0,
          -0.00944002,
          0.37568772,
          0.92669827,
          0,
          0.12945652,
          1.9165726,
          1.6996212,
          1
        ]
      },
      {
        "date" : 730494324.837659,
        "title" : "Untitled",
        "transform" : [
          0.99994814,
          -1.0606044e-10,
          0.010186197,
          0,
          0.0026867483,
          0.9645874,
          -0.26375008,
          0,
          -0.009825473,
          0.2637638,
          0.9645372,
          0,
          -0.103190705,
          1.526924,
          1.6939554,
          1
        ]
      },
      {
        "date" : 730494322.365818,
        "title" : "Untitled",
        "transform" : [
          0.99932534,
          -1.0497453e-10,
          -0.036729086,
          0,
          -0.0097687505,
          0.963982,
          -0.26578823,
          0,
          0.035406176,
          0.26596773,
          0.96333146,
          0,
          -0.028853193,
          1.5305425,
          1.697629,
          1
        ]
      },
      {
        "date" : 730494312.753509,
        "title" : "Untitled",
        "transform" : [
          0.99907076,
          9.186288e-11,
          -0.043101545,
          0,
          -0.01996426,
          0.88625836,
          -0.4627608,
          0,
          0.0381991,
          0.4631913,
          0.8854347,
          0,
          -0.04675874,
          1.4873583,
          1.5200367,
          1
        ]
      },
      {
        "date" : 730494290.143361,
        "title" : "Untitled",
        "transform" : [
          0.999773,
          2.1176239e-10,
          0.021301178,
          0,
          0.0027971019,
          0.99134094,
          -0.13128224,
          0,
          -0.02111673,
          0.13131206,
          0.991116,
          0,
          0.03038963,
          0.28354177,
          0.7526561,
          1
        ]
      },
      {
        "date" : 730494195.308122,
        "title" : "Untitled",
        "transform" : [
          0.99999994,
          0,
          0,
          0,
          0,
          0.8660254,
          -0.49999988,
          0,
          0,
          0.49999988,
          0.8660254,
          0,
          0.023910329,
          1.9089714,
          1.1898928,
          1
        ]
      },
      {
        "date" : 730494188.583158,
        "title" : "Untitled",
        "transform" : [
          0.99999994,
          0,
          0,
          0,
          0,
          0.8660254,
          -0.49999988,
          0,
          0,
          0.49999988,
          0.8660254,
          0,
          0.16888218,
          1.8651685,
          1.2151824,
          1
        ]
      },
      {
        "date" : 730494158.502836,
        "title" : "Untitled",
        "transform" : [
          0.99999994,
          0,
          0,
          0,
          0,
          0.8660254,
          -0.49999988,
          0,
          0,
          0.49999988,
          0.8660254,
          0,
          0.16888218,
          1.8615315,
          1.2088833,
          1
        ]
      },
      {
        "date" : 730494154.852523,
        "title" : "Untitled",
        "transform" : [
          0.99999994,
          0,
          0,
          0,
          0,
          0.8660254,
          -0.49999988,
          0,
          0,
          0.49999988,
          0.8660254,
          0,
          -0.0569133,
          1.861531,
          1.2088834,
          1
        ]
      }
    ]
  },
  "selectedSceneRelativePath" : "Immersive.usda"
}